606 runs from 60 conditions
{'standard': {'a': np.float64(0.5), 'b': np.float64(0.0), 'test_pipes': np.float64(142.23333333333332), 'test_surv': np.float64(0.9)}, 'hard': {'a': np.float64(0.9000000000000001), 'b': np.float64(0.1), 'test_pipes': np.float64(90.8), 'test_surv': np.float64(0.3)}}

== methods
  label  n  median     q1      q3   mean  surv  delta     p  p_holm    auc    e50  reach50
   base 12  91.300 80.850 117.925 98.078 0.400    NaN   NaN     NaN 65.676 2250.0    1.000
     hc 12  61.717 19.083 126.425 70.667 0.342 -0.257 0.299   0.597 26.314 3900.0    0.750
     rs 12   9.450  2.650  48.292 26.486 0.033 -0.903 0.000   0.001 13.253 2250.0    0.083
rule_ga 12  84.233 78.492  95.425 86.103 0.228 -0.222 0.371   0.597 80.143  150.0    1.000

== selection
       label  n  median     q1      q3    mean  surv  delta     p  p_holm    auc    e50  reach50
   sel_tour2 12  82.683 70.258  97.825  83.600 0.258 -0.306 0.214   0.643 52.683 3900.0      1.0
        base 12  91.300 80.850 117.925  98.078 0.400    NaN   NaN     NaN 65.676 2250.0      1.0
   sel_tour5 12 103.817 91.200 117.792 109.381 0.492  0.278 0.260   0.643 67.291 2850.0      1.0
sel_roulette 12  97.833 88.300 111.208 103.261 0.422  0.201 0.419   0.643 70.214 2100.0      1.0
    sel_rank 12  79.233 69.708  88.767  79.286 0.161 -0.403 0.100   0.400 50.242 4050.0      1.0

== crossover
    label  n  median     q1      q3    mean  surv  delta     p  p_holm    auc    e50  reach50
  cx_none 12  98.583 80.567 136.892 106.281 0.497  0.125 0.623   1.000 75.589 2550.0      1.0
cx_single 12  95.267 81.183 122.417 102.236 0.428  0.049 0.862   1.000 73.630 1650.0      1.0
     base 12  91.300 80.850 117.925  98.078 0.400    NaN   NaN     NaN 65.676 2250.0      1.0
 cx_arith 12  78.917 71.992  86.167  82.044 0.211 -0.347 0.157   0.472 58.923 1950.0      1.0

== mutation_named
       label  n  median     q1      q3   mean  surv  delta     p  p_holm    auc    e50  reach50
        base 12  91.300 80.850 117.925 98.078 0.400    NaN   NaN     NaN 65.676 2250.0      1.0
mut_annealed 12 102.233 80.800 112.725 98.975 0.378  0.021 0.954     1.0 65.827 2250.0      1.0
   mut_reset 12 105.833 70.275 114.492 98.206 0.397  0.014 0.977     1.0 63.021 2550.0      1.0

== popsize
  label  n  median     q1      q3    mean  surv  delta     p  p_holm    auc    e50  reach50
 pop_20 12 105.217 86.600 138.208 107.781 0.500  0.229 0.356   0.356 65.465 1560.0      1.0
   base 12  91.300 80.850 117.925  98.078 0.400    NaN   NaN     NaN 65.676 2250.0      1.0
pop_100 12  74.833 63.192  87.208  75.089 0.208 -0.444 0.069   0.207 49.505 3900.0      1.0
pop_200 12  78.800 64.100  87.758  75.878 0.181 -0.389 0.112   0.225 34.279 7200.0      1.0

== elitism
   label  n  median     q1      q3    mean  surv  delta     p  p_holm    auc    e50  reach50
 elite_0 12  76.100 64.792  88.808  74.986 0.169 -0.458 0.061   0.242 45.089 4500.0      1.0
 elite_1 12  86.883 71.025  97.533  88.692 0.328 -0.174 0.488   1.000 64.826 3150.0      1.0
    base 12  91.300 80.850 117.925  98.078 0.400    NaN   NaN     NaN 65.676 2250.0      1.0
 elite_5 12  95.667 88.542 121.700 102.428 0.422  0.167 0.507   1.000 69.274 2250.0      1.0
elite_10 12  92.633 78.708 126.683 101.025 0.431 -0.014 0.977   1.000 78.992 2250.0      1.0

== fitness
     label  n  median    q1      q3    mean  surv  delta     p  p_holm    auc    e50  reach50
fit_frames 12  94.567 81.05 129.233 101.553 0.436  0.042 0.885     1.0 67.192 2700.0      1.0
 fit_pipes 12  94.567 81.05 129.233 101.553 0.436  0.042 0.885     1.0 67.192 2700.0      1.0
      base 12  91.300 80.85 117.925  98.078 0.400    NaN   NaN     NaN 65.676 2250.0      1.0

== evalproto
   label  n  median     q1      q3    mean  surv  delta     p  p_holm    auc    e50  reach50
      K1 12  87.650 72.925 100.042  87.725 0.253 -0.236 0.341     1.0 67.329 1400.0      1.0
agg_mean 12 101.717 93.133 125.033 107.028 0.481  0.201 0.419     1.0 81.731 2550.0      1.0
    base 12  91.300 80.850 117.925  98.078 0.400    NaN   NaN     NaN 65.676 2250.0      1.0
      K5 12  92.550 74.467 114.225  96.008 0.383 -0.042 0.885     1.0 57.749 4125.0      1.0

== pool
   label  n  median     q1      q3   mean  surv  delta     p  p_holm    auc    e50  reach50
  pool_1 12  54.200 37.875  66.083 53.017 0.061 -0.889 0.000   0.001 53.889  950.0      1.0
  pool_3 12  82.500 69.617  94.667 81.561 0.197 -0.389 0.112   0.225 64.894 2700.0      1.0
    base 12  91.300 80.850 117.925 98.078 0.400    NaN   NaN     NaN 65.676 2250.0      1.0
pool_100 12  87.717 75.717 111.775 93.978 0.403 -0.042 0.885   0.885 70.707 2100.0      1.0

== diversity
     label  n  median     q1     q3   mean  surv  delta     p  p_holm    auc     e50  reach50
  div_ctrl 12  25.167  1.142 50.583 29.961 0.047    NaN   NaN     NaN 15.840  8730.0    0.417
div_share1 12  60.717 36.308 75.283 55.442 0.089  0.486 0.046   0.186 36.196  2790.0    0.750
div_share2 12  67.750 54.400 82.042 65.739 0.175  0.597 0.014   0.085 41.130  3330.0    0.833
div_share3 12  61.817 39.767 93.308 65.881 0.181  0.583 0.017   0.085 46.066  1980.0    0.750
div_share4 12  52.433 17.100 75.225 48.914 0.092  0.361 0.141   0.423 32.677  3600.0    0.583
 div_imm10 12  29.067  9.467 68.267 37.919 0.083  0.181 0.470   0.470 18.955 11295.0    0.500
 div_imm20 12  51.267  6.083 73.525 42.775 0.061  0.319 0.194   0.423 22.016  5355.0    0.667

== standard
           label  n  median      q1      q3    mean  surv  delta     p  p_holm     auc    e50  reach50
        std_base 12 141.767 135.017 145.900 138.275 0.847    NaN   NaN     NaN 123.834 1350.0    1.000
std_sel_roulette 12 132.017 127.642 145.850 136.125 0.819 -0.236 0.341   1.000 126.445 1200.0    1.000
     std_cx_none 12 139.733 136.842 145.917 140.169 0.853  0.000 1.000   1.000 125.114 1350.0    1.000
          std_hc 12 143.417 126.242 144.633 116.744 0.725 -0.049 0.862   1.000  71.749 5025.0    0.833
          std_rs 12  43.633   3.467 140.133  64.097 0.356 -0.549 0.024   0.122  41.856 4350.0    0.417
     std_rule_ga 12 146.350 142.358 149.000 145.103 0.947  0.417 0.087   0.347 148.768  150.0    1.000
